+563 -567
-570 -873
+575 -821
-575 -881
-577 +816
+581 +758
-582 -760
-583 -759
-587 -755
-588 +753
+595 +641
-597 -644
+606 +631
+652 +752
-654 -753
-657 -750
-658 -749
+665 +732
-665 -733
-666 -741
+687 -701
-687 -704
-688 -700
-701 -703
-673 -734
+720 +721
-721 -722
-721 +733
+722 -724
-727 -731
+765 +812
-766 -814
+780 +800
-781 -802
-782 -801
+792 -794
+814 -816
-817 -819
+818 +820
+827 -870
-828 -859
+838 -840
+858 +869
+872 -874
+888 +889
-889 -891
+890 +906
-892 -907
-898 -902
